25	24	1e7	20	0.1 
1.e-8	2 
4
1	2	3	4
1	1	1	0   0   120	240 0
0
1	1	2	0.018
2	2	3	0.020
3	3	4	0.019
4	4	5	0.028
5	4	6	0.016
6	6	7	0.028
7	7	8	0.010
8	8	9	0.027
9	9	10	0.015
10	9	11	0.027
11	10	12	0.068
12	11	13	0.028
13	11	14	0.013
14	12	15	0.032
15	13	16	0.025
16	14	17	0.028
17	17	18	0.039
18	17	19	0.021
19	18	20	0.032
20	20	21	0.017
21	20	22	0.012
22	21	23	0.017
23	22	24	0.032
24	22	25	0.027
0
0
0
2	1	0.	0.	1.000000E04	    1.000000E02
3	1	0.	0.	1.000000E04	    1.000000E02
3	2	0.	0.	1.000000E04	    1.000000E02
3	3	0.	0.	1.000000E04 	1.000000E02
4	3	0.	0.	5.290000E03     2.740000E02
9	2	0.	0.	1.300000E03	    7.000000E02
10	2	0.	0.	1.130000E03	    5.840000E02
11	1	0.	0.	1.490000E04 	7.710000E03
12	1	0.	0.	1.184000E05 	2.336000E03
12	2	0.	0.	1.214000E05 	2.416000E03
12	3	0.	0.	1.184000E05 	2.336000E03
13	2	0.	0.	2.060000E03 	1.070000E02
17	3	0.	0.	1.240000E05 	6.400000E03
20	3	0.	0.	4.370000E04 	2.260000E02
22	1	0.	0.	1.000000E03 	5.170000E02
23	2	0.	0.	1.700000E04 	1.162000E03
24	3	0.	0.	2.000000E03 	2.000000E02

0
1	1	1.00	0	-50.	50.
1	2	1.00	120
1	3	1.00	-120
0
1	105.	2.45	0.005	50.	200.
2	44.4	3.51	0.005	20.	100.
6	40.6	3.89	0.005	20.	100.
0
0
0



