2	1   1.000000E04     5.730000E-03    1.000000E02     2.961000E-03  
3	1	1.000000E04	    1.587000E-03    1.000000E02     8.220000E-04
3	2	1.000000E04	    3.390000E-03    1.000000E02     1.752000E-03
3	3	1.000000E04 	4.470000E-03    1.000000E02     2.313000E-03
4	3	-5.290000E03     3.552000E-03    2.740000E02     7.008000E-03
9	2	1.300000E03	    6.180000E-04    7.000000E02     3.210000E-04
10	2	1.130000E03	    3.000000E-03    5.840000E02     1.551000E-03
11	1	1.490000E04 	8.100000E-03    7.710000E03     6.486000E-03
12	1	1.184000E05 	3.720000E-04    2.336000E03     1.920000E-04
12	2	1.214000E05 	1.397100E-02    2.416000E03     8.916000E-03
12	3	1.184000E05 	9.120000E-04    2.336000E03     4.710000E-04
13	2	2.060000E03 	3.930000E-03    1.070000E02     2.031000E-03
17	3	-1.240000E05 	4.471500E-02    6.400000E03     4.470000E-03
20	3	4.370000E04 	2.760000E-03    2.260000E02     1.428000E-03
22	1	-1.000000E03 	2.658000E-03    5.170000E02     2.127000E-03
23	2	-1.700000E04 	2.262000E-03    1.162000E03     1.170000E-03
24	3	-2.000000E03 	5.835000E-03    2.000000E02     4.032900E-02

